8219,3
8219,2
0,439
0,438
8219,1
8219,0
8218,3
8218,2
8218,1
8218,0
8217,3
8217,2
8217,1
8217,0
8216,3
8216,2
8216,1
8216,0
8215,3
8215,2
8215,1
8215,0
8214,3
8214,2
8214,1
8214,0
8213,3
8213,2
8213,1
8213,0
8212,3
8212,2
8212,1
8212,0
8211,3
8211,2
8211,1
8211,0
8210,4
8210,3
8210,2
8210,1
8210,0
8209,4
8209,3
8209,2
8209,1
8209,0
8208,3
8208,2
8208,1
8208,0
8207,3
8207,2
0,436
8207,1
8207,0
8206,3
8206,2
8206,1
8206,0
8205,3
8205,2
8205,1
8205,0
8204,3
8204,2
8204,1
8204,0
8203,3
8203,2
8203,1
8203,0
8202,3
8202,2
8202,1
8202,0
8201,3
8201,2
8201,1
8201,0
8200,3
8200,2
8200,1
8200,0
8199,3
8199,2
8199,1
8199,0
8198,4
8198,3
8198,2
8198,1
8198,0
8197,4
8197,3
8197,2
8197,1
8197,0
8196,3
8196,2
8196,1
8196,0
8195,3
8195,2
8195,1
8195,0
8194,3
8194,2
8194,1
8194,0
8193,3
8193,2
8193,1
8193,0
8192,3
8192,2
8192,1
8192,0
8191,3
8191,2
8191,1
8191,0
8190,3
8190,2
8190,1
8190,0
8189,3
8189,2
8189,1
8189,0
8188,3
8188,2
8188,1
8188,0
8187,3
8187,2
8187,1
8187,0
8186,4
8186,3
8186,2
8186,1
8186,0
8185,4
8185,3
8185,2
8185,1
8185,0
8184,3
8184,2
8184,1
8184,0
8183,3
8183,2
0,411
0,402
8183,1
8183,0
8182,3
8182,2
8182,1
8182,0
8181,3
8181,2
8181,1
8181,0
8180,3
8180,2
8180,1
8180,0
8179,3
8179,2
8179,1
8179,0
8178,3
8178,2
8178,1
8178,0
8177,3
8177,2
8177,1
8177,0
8176,3
8176,2
8176,1
8176,0
8175,3
8175,2
8175,1
8175,0
8174,4
8174,3
8174,2
8174,1
8174,0
8173,4
8173,3
8173,2
8173,1
8173,0
8172,3
8172,2
8172,1
8172,0
8171,3
8171,2
8171,1
8171,0
8170,3
8170,2
8170,1
8170,0
8169,3
8169,2
8169,1
8169,0
8168,3
8168,2
8168,1
8168,0
8167,3
8167,2
8167,1
8167,0
8166,3
8166,2
8166,1
8166,0
8165,3
8165,2
8165,1
8165,0
8164,3
8164,2
8164,1
8164,0
8163,3
8163,2
8163,1
8163,0
8162,4
8162,3
8162,2
8162,1
8162,0
8161,4
8161,3
8161,2
8161,1
8161,0
8160,3
8160,2
8160,1
8160,0
8159,3
8159,2
0,393
8159,1
8159,0
8158,3
8158,2
8158,1
8158,0
8157,3
8157,2
8157,1
8157,0
8156,3
8156,2
8156,1
8156,0
0,500
8155,3
8155,2
8155,1
8155,0
8154,3
8154,2
8154,1
8154,0
8153,3
8153,2
8153,1
8153,0
8152,3
8152,2
8152,1
8152,0
8151,3
8151,2
8151,1
8151,0
8150,4
8150,3
8150,2
8150,1
8150,0
8149,4
8149,3
8149,2
8149,1
8149,0
8148,3
8148,2
8148,1
8148,0
0,388
8147,3
8147,2
8147,1
8147,0
8146,3
8146,2
8146,1
8146,0
8145,3
8145,2
8145,1
8145,0
8144,3
8144,2
8144,1
8144,0
0,463
8143,3
8143,2
8143,1
8143,0
8142,3
8142,2
8142,1
8142,0
8141,3
8141,2
8141,1
8141,0
8140,3
8140,2
8140,1
8140,0
8139,3
8139,2
8139,1
8139,0
8138,4
8138,3
8138,2
8138,1
8138,0
8137,4
8137,3
8137,2
8137,1
8137,0
8136,3
8136,2
8136,1
8136,0
8135,3
8135,2
0,385
0,384
8135,1
8135,0
8134,3
8134,2
0,469
8134,1
8134,0
0,317
8133,3
8133,2
8133,1
8133,0
0,404
8132,3
8132,2
8132,1
8132,0
0,459
8131,3
8131,2
8131,1
8131,0
8130,3
8130,2
8130,1
8130,0
8129,3
8129,2
8129,1
8129,0
8128,3
8128,2
8128,1
8128,0
8127,3
8127,2
8127,1
8127,0
8126,4
8126,3
8126,2
8126,1
8126,0
8125,4
8125,3
8125,2
8125,1
8125,0
8124,3
8124,2
8124,1
8124,0
0,316
8123,3
8123,2
0,315
8123,1
8123,0
0,412
8122,3
8122,2
8122,1
8122,0
0,313
8121,3
8121,2
8121,1
8121,0
0,400
8120,3
8120,2
8120,1
8120,0
0,396
8119,3
8119,2
8119,1
8119,0
8118,3
8118,2
8118,1
8118,0
8117,3
8117,2
8117,1
8117,0
8116,3
8116,2
8116,1
8116,0
8115,3
8115,2
8115,1
8115,0
8114,4
8114,3
8114,2
8114,1
8114,0
8113,4
8113,3
8113,2
8113,1
8113,0
8112,3
8112,2
8112,1
8112,0
8111,3
8111,2
0,312
0,306
8111,1
8111,0
8110,3
8110,2
0,406
8110,1
8110,0
8109,3
8109,2
8109,1
8109,0
0,395
8108,3
8108,2
8108,1
8108,0
0,391
0,304
8107,3
8107,2
8107,1
8107,0
8106,3
8106,2
8106,1
8106,0
8105,3
8105,2
8105,1
8105,0
8104,3
8104,2
8104,1
8104,0
8103,3
8103,2
8103,1
8103,0
8102,4
8102,3
8102,2
8102,1
8102,0
8101,4
8101,3
8101,2
8101,1
8101,0
8100,3
8100,2
8100,1
8100,0
0,302
0,427
8099,3
8099,2
0,575
0,574
0,405
8099,1
8099,0
0,462
0,461
8098,3
8098,2
0,401
8098,1
8098,0
8097,3
8097,2
8097,1
8097,0
0,390
8096,3
8096,2
8096,1
8096,0
8095,3
8095,2
8095,1
8095,0
8094,3
8094,2
8094,1
8094,0
8093,3
8093,2
8093,1
8093,0
8092,3
8092,2
8092,1
8092,0
8091,3
8091,2
8091,1
8091,0
8090,4
8090,3
8090,2
8090,1
8090,0
8089,4
8089,3
8089,2
8089,1
8089,0
8088,3
8088,2
8088,1
8088,0
0,498
0,551
0,573
8087,3
8087,2
0,572
0,569
0,460
8087,1
8087,0
0,399
0,398
8086,3
8086,2
0,532
8086,1
8086,0
8085,3
8085,2
8085,1
8085,0
8084,3
8084,2
8084,1
8084,0
8083,3
8083,2
8083,1
8083,0
8082,3
8082,2
8082,1
8082,0
8081,3
8081,2
8081,1
8081,0
8080,3
8080,2
8080,1
8080,0
8079,3
8079,2
8079,1
8079,0
8078,4
8078,3
8078,2
8078,1
8078,0
8077,4
8077,3
8077,2
8077,1
8077,0
8076,3
8076,2
8076,1
8076,0
0,318
0,567
8075,3
8075,2
0,397
8075,1
8075,0
0,454
0,517
8074,3
8074,2
0,392
8074,1
8074,0
8073,3
8073,2
8073,1
8073,0
8072,3
8072,2
8072,1
8072,0
8071,3
8071,2
8071,1
8071,0
8070,3
8070,2
8070,1
8070,0
8069,3
8069,2
8069,1
8069,0
8068,3
8068,2
8068,1
8068,0
8067,3
8067,2
8067,1
8067,0
8066,4
8066,3
8066,2
8066,1
8066,0
8065,4
8065,3
8065,2
8065,1
8065,0
0,508
8064,3
8064,2
8064,1
8064,0
0,545
0,442
8063,3
8063,2
0,565
0,563
0,453
8063,1
8063,0
0,311
8062,3
8062,2
8062,1
8062,0
0,494
8061,3
8061,2
8061,1
8061,0
8060,3
8060,2
8060,1
8060,0
8059,3
8059,2
8059,1
8059,0
8058,3
8058,2
8058,1
8058,0
0,550
8057,3
8057,2
8057,1
8057,0
8056,3
8056,2
8056,1
8056,0
8055,3
8055,2
8055,1
8055,0
8054,4
0,515
8054,3
8054,2
0,434
8054,1
8054,0
8053,4
0,507
8053,3
8053,2
8053,1
8053,0
0,425
0,423
8052,3
8052,2
8052,1
8052,0
0,403
0,570
8051,3
8051,2
0,561
8051,1
8051,0
8050,3
8050,2
8050,1
8050,0
8049,3
8049,2
8049,1
8049,0
8048,3
8048,2
8048,1
8048,0
0,307
8047,3
8047,2
8047,1
8047,0
8046,3
8046,2
8046,1
8046,0
8045,3
8045,2
8045,1
8045,0
8044,3
8044,2
8044,1
8044,0
8043,3
8043,2
8043,1
8043,0
0,437
8042,4
8042,3
8042,2
8042,1
8042,0
0,495
0,428
0,445
0,525
0,484
0,537
8041,4
0,503
8041,3
8041,2
0,422
8041,1
8041,0
8040,3
8040,2
8040,1
8040,0
0,394
0,414
0,300
0,560
8039,3
8039,2
0,559
8039,1
8039,0
8038,3
8038,2
8038,1
8038,0
0,474
8037,3
8037,2
8037,1
8037,0
8036,3
8036,2
8036,1
8036,0
0,309
0,539
8035,3
8035,2
8035,1
8035,0
8034,3
8034,2
8034,1
8034,0
0,529
8033,3
8033,2
8033,1
8033,0
8032,3
8032,2
8032,1
8032,0
8031,3
8031,2
0,487
8031,1
8031,0
8030,4
0,505
8030,3
8030,2
8030,1
8030,0
8029,4
0,417
8029,3
8029,2
8029,1
8029,0
0,502
8028,3
8028,2
0,468
8028,1
8028,0
0,268
0,482
0,267
0,519
0,479
0,443
0,486
0,549
0,521
0,522
0,481
0,480
0,444
0,389
0,547
0,53
0,52
0,51
0,483
0,470
0,546
0,6
0,446
8027,3
8027,2
0,558
0,557
0,295
8027,1
8027,0
0,292
0,291
8026,3
8026,2
8026,1
8026,0
0,50
0,49
0,279
8025,3
8025,2
0,277
8025,1
8025,0
0,310
0,452
8024,3
8024,2
8024,1
8024,0
0,301
0,294
8023,3
8023,2
0,293
8023,1
8023,0
0,290
0,289
8022,3
8022,2
8022,1
8022,0
0,48
0,47
0,46
0,516
0,314
0,274
0,1
0,556
0,243
0,45
8021,3
8021,2
0,269
8021,1
8021,0
8020,3
8020,2
8020,1
8020,0
8019,3
8019,2
8019,1
8019,0
8018,4
8018,3
8018,2
8018,1
8018,0
8017,4
8017,3
8017,2
8017,1
8017,0
8016,3
8016,2
8016,1
8016,0
0,536
0,543
0,555
0,541
0,5
0,63
0,496
0,62
0,492
0,61
0,60
8015,3
8015,2
0,548
0,2
8015,1
8015,0
0,288
0,287
8014,3
8014,2
8014,1
8014,0
0,282
0,540
8013,3
8013,2
8013,1
8013,0
8012,3
8012,2
8012,1
8012,0
0,491
0,59
0,538
0,58
8011,3
8011,2
8011,1
8011,0
0,286
0,285
8010,3
8010,2
0,284
8010,1
8010,0
0,283
0,281
0,280
0,465
0,435
8009,3
8009,2
0,488
8009,1
8009,0
8008,3
8008,2
0,431
8008,1
8008,0
0,510
8007,3
8007,2
8007,1
8007,0
0,489
0,319
0,506
0,266
0,261
0,260
0,259
0,258
0,257
0,256
0,255
0,254
0,253
0,252
0,477
0,251
0,248
0,247
0,410
0,246
0,424
0,245
0,244
0,242
0,241
0,240
0,239
0,236
0,235
0,415
0,234
0,441
0,233
0,232
0,231
0,230
0,229
0,228
0,227
0,552
0,195
0,194
0,193
0,192
0,542
0,57
0,56
0,55
0,472
0,54
0,504
0,250
6395,34
6395,33
6395,32
6395,31
6395,30
6395,29
6395,28
6395,27
6395,26
6395,25
6395,24
6395,23
6395,22
6395,21
6395,20
6395,19
6395,18
6395,17
6395,16
6395,15
6395,14
6395,13
6395,12
6395,11
6395,10
6395,9
6395,8
6395,7
6395,6
6395,5
6395,4
6395,3
0,249
0,473
8006,4
0,530
0,421
0,420
8006,3
8006,2
0,419
8006,1
8006,0
0,418
0,416
0,238
0,513
0,386
0,237
8005,4
0,413
0,501
0,533
8005,3
8005,2
0,409
8005,1
8005,0
0,518
0,408
8004,3
8004,2
0,407
8004,1
8004,0
0,7
0,224
0,226
0,225
0,476
0,223
0,564
0,220
0,475
0,222
0,562
0,221
0,450
0,219
0,531
0,216
0,457
0,218
0,528
0,217
0,449
0,215
0,426
0,212
0,535
0,214
0,566
0,213
0,387
0,211
0,527
0,208
0,210
0,455
0,209
0,554
0,207
0,523
0,12
0,204
0,206
0,205
0,534
0,203
0,512
0,196
0,276
0,9
0,10
0,493
0,11
0,198
0,499
0,197
0,466
0,526
8003,3
8003,2
0,553
0,544
0,0
8003,1
8003,0
8002,3
8002,2
8002,1
8002,0
0,202
0,511
0,201
0,524
0,200
0,520
0,199
0,305
8001,3
8001,2
0,303
8001,1
8001,0
0,299
0,298
8000,3
8000,2
0,297
8000,1
8000,0
0,296
0,485
0,514
0,478
7999,3
7999,2
7999,1
7999,0
7998,3
7998,2
7998,1
7998,0
0,265
0,278
0,571
0,264
0,308
0,263
0,458
0,262
0,433
0,568
7997,3
7997,2
0,432
7997,1
7997,0
0,430
14,3
0,429
13,3
0,272
0,271
7996,3
7996,2
0,275
0,509
0,8
7996,1
7996,0
7995,3
7995,2
7995,1
7995,0
7994,4
7994,3
7994,2
7994,1
7994,0
7993,4
7993,3
7993,2
7993,1
7993,0
7992,3
7992,2
7992,1
7992,0
7991,3
7991,2
7991,1
7991,0
7990,3
7990,2
7990,1
7990,0
7989,3
7989,2
7989,1
7989,0
7988,3
7988,2
7988,1
7988,0
7987,3
7987,2
7987,1
7987,0
7986,3
7986,2
7986,1
7986,0
7985,3
7985,2
7985,1
7985,0
7984,3
7984,2
7984,1
7984,0
7983,3
7983,2
7983,1
7983,0
7982,4
7982,3
7982,2
7982,1
7982,0
7981,4
7981,3
7981,2
7981,1
7981,0
7980,3
7980,2
7980,1
7980,0
7979,3
7979,2
7979,1
7979,0
7978,3
7978,2
7978,1
7978,0
7977,3
7977,2
7977,1
7977,0
7976,3
7976,2
7976,1
7976,0
7975,3
7975,2
7975,1
7975,0
7974,3
7974,2
7974,1
7974,0
7973,3
7973,2
7973,1
7973,0
7972,3
7972,2
7972,1
7972,0
7971,3
7971,2
7971,1
7971,0
7970,4
7970,3
7970,2
7970,1
7970,0
7969,4
7969,3
7969,2
7969,1
7969,0
7968,3
7968,2
7968,1
7968,0
7967,3
7967,2
7967,1
7967,0
7966,3
7966,2
7966,1
7966,0
7965,3
7965,2
7965,1
7965,0
7964,3
7964,2
7964,1
7964,0
7963,3
7963,2
7963,1
7963,0
7962,3
7962,2
7962,1
7962,0
7961,3
7961,2
7961,1
7961,0
7960,3
7960,2
7960,1
7960,0
7959,3
7959,2
7959,1
7959,0
7958,4
7958,3
7958,2
7958,1
7958,0
7957,4
7957,3
7957,2
7957,1
7957,0
7956,3
7956,2
7956,1
7956,0
7955,3
7955,2
7955,1
7955,0
7954,3
7954,2
7954,1
7954,0
7953,3
7953,2
7953,1
7953,0
7952,3
7952,2
7952,1
7952,0
7951,3
7951,2
7951,1
7951,0
7950,3
7950,2
7950,1
7950,0
7949,3
7949,2
7949,1
7949,0
7948,3
7948,2
7948,1
7948,0
7947,3
7947,2
7947,1
7947,0
7946,4
7946,3
7946,2
7946,1
7946,0
7945,4
7945,3
7945,2
7945,1
7945,0
7944,3
7944,2
7944,1
7944,0
7943,3
7943,2
7943,1
7943,0
7942,3
7942,2
7942,1
7942,0
7941,3
7941,2
7941,1
7941,0
7940,3
7940,2
7940,1
7940,0
7939,3
7939,2
7939,1
7939,0
7938,3
7938,2
7938,1
7938,0
7937,3
7937,2
7937,1
7937,0
7936,3
7936,2
7936,1
7936,0
7935,3
7935,2
7935,1
7935,0
7934,4
7934,3
7934,2
7934,1
7934,0
7933,4
7933,3
7933,2
7933,1
7933,0
7932,3
7932,2
7932,1
7932,0
7931,3
7931,2
7931,1
7931,0
7930,3
7930,2
7930,1
7930,0
7929,3
7929,2
7929,1
7929,0
7928,3
7928,2
7928,1
7928,0
7927,3
7927,2
7927,1
7927,0
7926,3
7926,2
7926,1
7926,0
7925,3
7925,2
7925,1
7925,0
7924,3
7924,2
7924,1
7924,0
7923,3
7923,2
7923,1
7923,0
7922,4
7922,3
7922,2
7922,1
7922,0
7921,4
7921,3
7921,2
7921,1
7921,0
7920,3
7920,2
7920,1
7920,0
7919,3
7919,2
7919,1
7919,0
7918,3
7918,2
7918,1
7918,0
7917,3
7917,2
7917,1
7917,0
7916,3
7916,2
7916,1
7916,0
7915,3
7915,2
7915,1
7915,0
7914,3
7914,2
7914,1
7914,0
7913,3
7913,2
7913,1
7913,0
7912,3
7912,2
7912,1
7912,0
7911,3
7911,2
7911,1
7911,0
7910,4
7910,3
7910,2
7910,1
7910,0
7909,4
7909,3
7909,2
7909,1
7909,0
7908,3
7908,2
7908,1
7908,0
7907,3
7907,2
7907,1
7907,0
7906,3
7906,2
7906,1
7906,0
7905,3
7905,2
7905,1
7905,0
7904,3
7904,2
7904,1
7904,0
7903,3
7903,2
7903,1
7903,0
7902,3
7902,2
7902,1
7902,0
7901,3
7901,2
7901,1
7901,0
7900,3
7900,2
7900,1
7900,0
7899,3
7899,2
7899,1
7899,0
7898,4
7898,3
7898,2
7898,1
7898,0
7897,4
7897,3
7897,2
7897,1
7897,0
7896,3
7896,2
7896,1
7896,0
7895,3
7895,2
7895,1
7895,0
7894,3
7894,2
7894,1
7894,0
7893,3
7893,2
7893,1
7893,0
7892,3
7892,2
7892,1
7892,0
7891,3
7891,2
7891,1
7891,0
7890,3
7890,2
7890,1
7890,0
7889,3
7889,2
7889,1
7889,0
7888,3
7888,2
7888,1
7888,0
7887,3
7887,2
7887,1
7887,0
7886,4
7886,3
7886,2
7886,1
7886,0
7885,4
7885,3
7885,2
7885,1
7885,0
7884,3
7884,2
7884,1
7884,0
7883,3
7883,2
7883,1
7883,0
7882,3
7882,2
7882,1
7882,0
7881,3
7881,2
7881,1
7881,0
7880,3
7880,2
7880,1
7880,0
7879,3
7879,2
7879,1
7879,0
